-60 0.300507
-59 0.147675
-58 0.680740
-57 1.277677
-56 1.557898
-55 1.812220
-54 2.171945
-53 2.517283
-52 2.865066
-51 2.966223
-50 2.803261
-49 3.052068
-48 3.068670
-47 3.374544
-46 3.224701
-45 3.356109
-44 3.506748
-43 3.818583
-42 4.051344
-41 4.052070
-40 3.815777
-39 3.599583
-38 3.452311
-37 3.157433
-36 3.019309
-35 2.915349
-34 2.835141
-33 3.151919
-32 3.141488
-31 2.893882
-30 3.056574
-29 2.860124
-28 2.814375
-27 2.732250
-26 2.850983
-25 2.690845
-24 3.014893
-23 3.180368
-22 3.126266
-21 3.249533
-20 3.418309
-19 3.482476
-18 3.507883
-17 3.625103
-16 3.497234
-15 3.681302
-14 3.818660
-13 3.959684
-12 4.201236
-11 4.201500
-10 4.245862
-9 4.295217
-8 4.300848
-7 4.487569
-6 4.767525
-5 5.079227
-4 5.318103
-3 5.808993
-2 6.118290
-1 6.882217
0 9.338972
1 9.574971
2 9.644337
3 9.713711
4 9.468814
5 9.309777
6 9.530726
7 9.459576
8 9.088338
9 9.005273
10 8.931859
11 8.938611
12 9.044315
13 9.135951
14 9.167999
15 9.200366
16 9.127488
17 9.124946
18 9.316228
19 9.163195
20 9.138186
21 9.115813
22 9.220261
23 9.285414
24 9.346889
25 9.303005
26 9.331885
27 9.343968
28 9.286686
29 8.958650
30 8.645281
31 8.378967
32 8.291875
33 8.219657
34 8.361444
35 8.294745
36 8.475500
37 8.690039
38 8.801709
39 8.879153
40 8.951503
41 9.103789
42 9.161475
43 9.278702
44 9.194365
45 9.095574
46 9.213667
47 9.262313
48 9.433957
49 9.376553
50 9.356637
51 9.472431
52 9.390438
53 9.521140
54 9.689208
55 9.642598
56 9.892056
57 10.146831
58 10.395832
59 10.317758
