-60 0.230861
-59 0.327783
-58 0.580411
-57 1.045694
-56 1.443410
-55 1.596029
-54 1.801706
-53 2.093698
-52 2.344631
-51 2.578508
-50 2.652661
-49 2.781863
-48 2.991569
-47 3.036450
-46 3.137776
-45 2.998609
-44 3.118898
-43 3.410935
-42 3.402390
-41 3.396422
-40 3.395927
-39 3.390010
-38 3.593070
-37 3.557997
-36 3.596316
-35 3.542652
-34 3.466845
-33 3.743246
-32 3.736797
-31 3.777340
-30 3.620308
-29 3.410282
-28 3.291618
-27 3.388338
-26 3.545395
-25 3.507725
-24 3.761699
-23 3.813166
-22 3.687992
-21 3.718305
-20 3.609184
-19 3.544148
-18 3.457500
-17 3.526063
-16 3.549865
-15 3.553994
-14 3.733146
-13 3.911925
-12 4.045277
-11 4.050895
-10 4.033400
-9 4.069151
-8 4.294393
-7 4.345136
-6 4.626900
-5 4.821868
-4 5.020588
-3 5.370334
-2 5.611957
-1 5.260827
0 5.509005
1 5.166207
2 5.149999
3 5.071378
4 4.952669
5 4.985485
6 5.005041
7 4.955598
8 4.694333
9 4.708791
10 4.844915
11 4.893755
12 4.904242
13 5.063533
14 5.215847
15 5.302874
16 5.362119
17 5.309890
18 5.120315
19 5.221769
20 5.211442
21 5.212010
22 5.102965
23 5.167650
24 5.091686
25 5.182026
26 5.551665
27 5.564214
28 5.563993
29 5.407630
30 5.263920
31 5.120245
32 5.004187
33 4.914603
34 4.912263
35 4.800120
36 4.907617
37 4.952991
38 5.135746
39 5.338284
40 5.635838
41 5.785579
42 5.862834
43 6.021034
44 6.233670
45 6.260482
46 6.447387
47 6.488934
48 6.555179
49 6.578725
50 6.710331
51 6.895861
52 6.718608
53 6.729194
54 6.774633
55 6.916775
56 7.199242
57 7.302146
58 7.429564
59 7.615079
