-60 0.260591
-59 0.148440
-58 0.569951
-57 1.155425
-56 1.628733
-55 1.824689
-54 1.937218
-53 2.060832
-52 2.065905
-51 1.995462
-50 1.871711
-49 1.918811
-48 2.055044
-47 2.152929
-46 2.119338
-45 2.008607
-44 2.166703
-43 2.344284
-42 2.083806
-41 2.105922
-40 2.063073
-39 2.014548
-38 2.146467
-37 1.839762
-36 1.980032
-35 2.157936
-34 2.020840
-33 2.470925
-32 2.494308
-31 2.466969
-30 2.911088
-29 2.930820
-28 3.067137
-27 3.256228
-26 3.482000
-25 3.619807
-24 3.708399
-23 4.374433
-22 4.443416
-21 4.503887
-20 4.813907
-19 4.695587
-18 4.673028
-17 4.549661
-16 4.542840
-15 4.710068
-14 4.626745
-13 4.646996
-12 4.721515
-11 4.799178
-10 4.588400
-9 4.527918
-8 4.498509
-7 4.647393
-6 4.677384
-5 4.624738
-4 4.753950
-3 5.119771
-2 5.615430
-1 4.510908
0 3.647184
1 3.731707
2 3.684337
3 4.042752
4 3.655524
5 3.523746
6 3.576297
7 3.292234
8 2.925689
9 2.917369
10 2.950543
11 3.119003
12 3.056332
13 3.174476
14 3.256395
15 3.265601
16 3.117492
17 2.941671
18 2.921798
19 2.942117
20 2.978036
21 2.980169
22 3.078313
23 3.333452
24 3.340023
25 3.397670
26 3.361056
27 3.157491
28 3.386587
29 3.085045
30 2.967600
31 2.753700
32 2.661431
33 2.423744
34 2.500010
35 2.187006
36 2.103007
37 2.218597
38 2.301736
39 2.484424
40 2.408420
41 2.689253
42 2.431638
43 2.216978
44 2.259618
45 2.325889
46 2.725150
47 2.861205
48 2.778359
49 2.335229
50 2.288423
51 2.556084
52 2.138670
53 2.535462
54 2.747890
55 2.594965
56 2.883456
57 3.065493
58 3.183640
59 3.164341
